101.06
117.94
103.73
118.09
109.70
115.44
86.41
82.81
105.15
110.73
151.94
81.44
81.77
62.26
81.98
75.36
135.78
105.77
91.10
97.06
77.62
101.20
179.13
139.79
56.73
27.97
26.70
73.84
81.54
116.53
67.98
42.90
67.50
70.82
113.26
38.67
28.83
29.27
37.69
78.90
97.91
88.49
63.13
52.15
60.36
128.35
225.03
182.72
78.74
63.27
58.73
65.07
90.48
97.08
46.69
45.02
66.12
77.11
147.82
103.72
45.07
68.64
86.22
69.57
143.66
128.08
92.52
63.91
58.26
71.89
151.20
151.85
71.28
31.25
30.51
70.43
134.59
128.45
50.39
63.56
70.33
50.17
119.75
82.54
52.32
33.92
35.38
72.82
81.99
106.21
50.27
44.33
84.84
87.18
147.63
106.54
68.42
50.10
57.20
65.34
82.68
140.78
65.86
66.00
83.98
115.48
148.27
194.38
132.59
79.44
85.67
146.02
112.79
99.15
100.74
68.98
79.90
64.11
121.94
150.11
60.97
36.94
39.24
76.90
87.02
134.29
126.33
133.66
116.99
230.09
237.92
315.75
280.54
94.08
80.15
143.60
227.12
259.43
207.55
117.57
99.93
107.36
170.85
169.92
219.35
85.84
69.08
44.87
129.20
133.62
93.80
97.16
65.85
65.47
105.22
116.67
103.20
51.16
83.66
83.34
106.17
146.21
90.72
62.70
68.49
103.41
92.01
93.02
107.50
59.67
55.79
83.27
61.79
108.40
90.47
36.80
29.55
36.93
76.76
140.25
110.12
32.21
50.79
30.52
56.57
62.05
71.18
32.38
27.21
31.09
45.26
86.75
36.28
21.17
14.01
15.98
32.69
77.84
51.77
39.93
30.02
48.36
89.81
59.83
114.88
46.88
212.55
126.39
127.29
114.74
143.04
248.86
181.19
277.33
88.65
68.90
59.37
183.84
166.84
182.43
50.81
51.11
84.35
184.73
229.02
109.87
55.68
96.11
116.93
63.75
50.16
55.50
59.93
89.23
105.35
72.54
55.93
43.82
59.30
56.87
61.03
64.58
70.90
65.66
76.99
124.88
152.08
68.34